m = 0.065;
l = 0.57;
b = 0.001;
g = 9.81;