m = 0.226;  % mass Kg

b1 = 0.0334959841499459;  %linear damp 
b2 = 0.000190064687655746;  %square damp

g = 9.81869519772798;   %m/s^2
l = 0.493375810330548;   %lengh m



